16
  12.01000         21.410         20.540         20.820
  12.01000         20.730         19.530         21.430
  12.01000         20.820         21.240         19.770
   1.00800         22.410         20.800         21.140
  12.01000         19.430         19.180         21.010
   1.00800         21.180         18.980         22.240
  12.01000         19.530         20.920         19.340
  12.01000         18.850         19.910         19.950
   1.00800         17.850         19.650         19.620
   1.00800         19.080         21.470         18.530
  14.01000         18.750         18.200         21.630
   1.00800         19.200         17.610         22.310
   1.00800         17.860         17.880         21.260
  14.01000         21.530         22.300         19.130
  16.00000         22.660         22.570         19.520
  16.00000         21.000         22.900         18.210
16
  12.01000         21.410         20.540         20.820
  12.01000         20.730         19.530         21.430
  12.01000         20.820         21.240         19.770
   1.00800         22.410         20.800         21.140
  12.01000         19.430         19.180         21.010
   1.00800         21.180         18.980         22.240
  12.01000         19.530         20.920         19.340
  12.01000         18.850         19.910         19.950
   1.00800         17.850         19.650         19.620
   1.00800         19.080         21.470         18.530
  14.01000         18.750         18.200         21.630
   1.00800         19.200         17.610         22.310
   1.00800         17.860         17.880         21.260
  14.01000         21.530         22.300         19.130
  16.00000         22.660         22.570         19.520
  16.00000         21.000         22.900         18.210
