ORCA point-charges file
ex_state.pc.tmp
QM geometry file
file_QC.txt
MD trajectory file in xtc format
frame_2090ps.xtc
Initial frame (0 for the first frame)
0
Last frame
0
Number of atoms
6496
Simulation charges file
MD_charges.txt
Quantum Center (QC) index file with masses
QC_indexes.txt
Environment index file
env_indexes.txt
Charge of the Quantum Center (QC)
0
Number of electronic states (including the ground state)
7
Number of atoms in the Quantum Center (QC)
16
Matrix of the electric dipole moment
   0   0   -1.870386091   -3.140453056    1.735422256
   0   1   -0.008390000   -0.012180000    0.008230000
   0   2   -1.213960000   -1.758950000    1.075230000
   0   3   -0.027730000    0.006670000    0.045810000
   0   4    0.044260000   -0.000500000    0.008420000
   0   5    0.646000000   -0.150790000    0.526810000
   0   6   -0.002740000   -0.047290000    0.001890000
   1   0   -0.008390000   -0.012180000    0.008230000
   1   1   -1.447972878   -2.525081136    1.360603654
   1   2   -0.007410000   -0.026260000    0.023000000
   1   3   -1.165170000    0.227850000   -0.915040000
   1   4    0.092420000   -0.017770000    0.080020000
   1   5   -0.003490000    0.000630000   -0.012960000
   1   6   -0.011890000   -0.008700000    0.001960000
   2   0   -1.213960000   -1.758950000    1.075230000
   2   1   -0.007410000   -0.026260000    0.023000000
   2   2   -2.634619806   -4.263679890    2.425473276
   2   3   -0.024020000   -0.034550000    0.039470000
   2   4    0.021920000    0.009810000    0.000710000
   2   5   -0.671770000    0.171810000   -0.567450000
   2   6   -0.902110000   -1.315100000    0.799620000
   3   0   -0.027730000    0.006670000    0.045810000
   3   1   -1.165170000    0.227850000   -0.915040000
   3   2   -0.024020000   -0.034550000    0.039470000
   3   3   -1.477384872   -2.580199651    1.397917785
   3   4   -0.120820000   -0.182610000    0.113400000
   3   5    0.055860000    0.101760000   -0.066290000
   3   6   -0.042020000    0.009450000   -0.015350000
   4   0    0.044260000   -0.000500000    0.008420000
   4   1    0.092420000   -0.017770000    0.080020000
   4   2    0.021920000    0.009810000    0.000710000
   4   3   -0.120820000   -0.182610000    0.113400000
   4   4   -2.272807435   -3.730040307    2.098038931
   4   5    0.770270000    1.128740000   -0.653630000
   4   6   -0.388680000    0.101420000   -0.318790000
   5   0    0.646000000   -0.150790000    0.526810000
   5   1   -0.003490000    0.000630000   -0.012960000
   5   2   -0.671770000    0.171810000   -0.567450000
   5   3    0.055860000    0.101760000   -0.066290000
   5   4    0.770270000    1.128740000   -0.653630000
   5   5   -2.272807435   -3.730040307    2.098038931
   5   6    0.229920000   -0.057420000    0.213120000
   6   0   -0.002740000   -0.047290000    0.001890000
   6   1   -0.011890000   -0.008700000    0.001960000
   6   2   -0.902110000   -1.315100000    0.799620000
   6   3   -0.042020000    0.009450000   -0.015350000
   6   4   -0.388680000    0.101420000   -0.318790000
   6   5    0.229920000   -0.057420000    0.213120000
   6   6   -2.071638827   -3.480772495    1.918921115
Ground-state energy (Hartree)
-492.148599680961
Excitation energies (eV)
4.110353
4.312764
4.846269
4.852672
5.628447
6.583443
Calculation type
0
